{'testcases/Example1.txt': 240.0,
 'testcases/Example2.txt': 240.00000047683716,
 'testcases/Example3.txt': 240.0000021457672,
 'testcases/Example4.txt': 0.23750972747802734,
 'testcases/Example5.txt': 16.11969256401062,
 'testcases/Example6.txt': 2.6105196475982666,
 'testcases/Example7.txt': 240.00000095367432,
 'testcases/Example8.txt': 240.00000023841858,
 'testcases/Example9.txt': 240.00000023841858,
 'testcases/Example10.txt': 240.00000023841858,
 'testcases/Example11.txt': 240.00000190734863,
 'testcases/Example12.txt': 240.0000035762787,
 'testcases/Example13.txt': 240.00000095367432,
 'testcases/Example14.txt': 240.0,
 'testcases/Example15.txt': 240.00000143051147,
 'testcases/Example16.txt': 240.00000023841858,
 'testcases/Example17.txt': 240.0000011920929,
 'testcases/Example18.txt': 240.00000143051147,
 'testcases/Example19.txt': 240.00000095367432,
 'testcases/Example20.txt': 240.00000143051147,
 'testcases/Example21.txt': 240.0000011920929,
 'testcases/Example22.txt': 0.08167839050292969,
 'testcases/Example23.txt': 240.00000476837158,
 'testcases/Example24.txt': 0.1077725887298584,
 'testcases/Example25.txt': 240.00000190734863,
 'testcases/Example26.txt': 0.0663299560546875,
 'testcases/Example27.txt': 240.00000047683716,
 'testcases/Example28.txt': 0.06935262680053711,
 'testcases/Example29.txt': 240.0000023841858,
 'testcases/Example30.txt': 0.11267781257629395,
 'testcases/Example31.txt': 0.11766481399536133,
 'testcases/Example32.txt': 240.00000166893005,
 'testcases/Example33.txt': 0.10570621490478516,
 'testcases/Example34.txt': 240.00000166893005,
 'testcases/Example35.txt': 3.3642055988311768,
 'testcases/Example36.txt': 0.14317703247070312,
 'testcases/Example37.txt': 240.00000190734863,
 'testcases/Example38.txt': 240.00000047683716,
 'testcases/Example39.txt': 240.0000021457672,
 'testcases/Example40.txt': 240.00000047683716,
 'testcases/Example41.txt': 0.08099055290222168,
 'testcases/Example42.txt': 0.07171201705932617,
 'testcases/Example43.txt': 240.0000021457672,
 'testcases/Example44.txt': 240.00000166893005,
 'testcases/Example45.txt': 240.00000667572021,
 'testcases/Example46.txt': 240.00000143051147,
 'testcases/Example47.txt': 0.07203173637390137,
 'testcases/Example48.txt': 240.00000071525574,
 'testcases/Example49.txt': 0.11162400245666504}
