{'testcases/Example1.txt': 240.00000071525574,
 'testcases/Example2.txt': 240.0000011920929,
 'testcases/Example3.txt': 240.00000929832458,
 'testcases/Example4.txt': 0.21580219268798828,
 'testcases/Example5.txt': 16.438501596450806,
 'testcases/Example6.txt': 2.492750883102417,
 'testcases/Example7.txt': 240.0000021457672,
 'testcases/Example8.txt': 240.00000095367432,
 'testcases/Example9.txt': 240.00000143051147,
 'testcases/Example10.txt': 240.00000023841858,
 'testcases/Example11.txt': 240.0,
 'testcases/Example12.txt': 240.0000021457672,
 'testcases/Example13.txt': 240.00000143051147,
 'testcases/Example14.txt': 240.00000143051147,
 'testcases/Example15.txt': 240.00000143051147,
 'testcases/Example16.txt': 240.00000047683716,
 'testcases/Example17.txt': 240.0000011920929,
 'testcases/Example18.txt': 240.00000047683716,
 'testcases/Example19.txt': 240.0,
 'testcases/Example20.txt': 240.00000190734863,
 'testcases/Example21.txt': 240.00000047683716,
 'testcases/Example22.txt': 240.0000011920929,
 'testcases/Example23.txt': 240.00000143051147,
 'testcases/Example24.txt': 0.11419343948364258,
 'testcases/Example25.txt': 240.00000095367432,
 'testcases/Example26.txt': 0.07264328002929688,
 'testcases/Example27.txt': 240.00000190734863,
 'testcases/Example28.txt': 0.07903361320495605,
 'testcases/Example29.txt': 240.00000143051147,
 'testcases/Example30.txt': 240.00000071525574,
 'testcases/Example31.txt': 240.00000143051147,
 'testcases/Example32.txt': 240.00000047683716,
 'testcases/Example33.txt': 0.11255121231079102,
 'testcases/Example34.txt': 240.00000071525574,
 'testcases/Example35.txt': 3.4222426414489746,
 'testcases/Example36.txt': 0.12647366523742676,
 'testcases/Example37.txt': 240.0000021457672,
 'testcases/Example38.txt': 240.00000095367432,
 'testcases/Example39.txt': 240.0,
 'testcases/Example40.txt': 240.0000011920929,
 'testcases/Example41.txt': 3.898137331008911,
 'testcases/Example42.txt': 240.00000023841858,
 'testcases/Example43.txt': 240.00000166893005,
 'testcases/Example44.txt': 240.00000095367432,
 'testcases/Example45.txt': 240.00000190734863,
 'testcases/Example46.txt': 240.0000011920929,
 'testcases/Example47.txt': 0.08960652351379395,
 'testcases/Example48.txt': 240.00000143051147,
 'testcases/Example49.txt': 240.00000047683716}
